No	material	treatment	time	replication	mass	IAA	IAA-Gln	OxIAA	Ascorbigen	I3C-GSH	OxI3C	MethyleneOxI	OxI3C-GSH	I3A
1	biomass	1uM IAA	1	1	0.033	686.64	104.23	49.09	4.90	17.17	3685.18	84.23	627.66	101.73
2	biomass	1uM IAA	1	2	0.020	1050.93	75.19	97.85	10.28	108.87	2604.95	158.71	1750.32	757.11
3	biomass	1uM IAA	1	3	0.022	512.35	3.09	28.45	1.71	19.10	596.98	68.58	100.50	72.25
4	biomass	1uM IAA	1	4	0.015	508.91	83.55	62.28	3.26	10.12	238.16	54.96	87.41	160.81
5	biomass	1uM IAA	1	5	0.028	1512.60	71.21	55.91	1.68	3.88	509.69	91.79	18.98	69.91
6	biomass	1uM IAA	6	1	0.033	107.90	2.19	7.95	2.24	1.24	74.45	17.09	76.20	45.87
7	biomass	1uM IAA	6	2	0.028	21305.27	48.11	794.49	41.05	39.22	13502.57	3361.59	121.13	998.51
8	biomass	1uM IAA	6	3	0.035	838.81	5.37	54.17	6.18	5.50	588.30	146.99	93.45	121.76
9	biomass	1uM IAA	6	4	0.024	711.00	2.36	93.23	2.52	0.46	82.99	33.97	19.86	248.96
10	biomass	1uM IAA	6	5	0.027	606.61	8.13	54.27	2.15	0.29	29.02	28.11	17.69	169.55
11	biomass	1uM IAA	24	1	0.018	325.41	26.34	47.34	1.54	7.73	387.94	63.02	156.79	173.28
12	biomass	1uM IAA	24	2	0.035	41.60	40.06	54.89	0.60	0.60	19.61	17.22	215.63	336.72
13	biomass	1uM IAA	24	3	0.048	73.96	41.10	73.86	0.71	0.89	50.86	26.78	36.55	396.33
14	biomass	1uM IAA	24	4	0.038	170.95	63.22	16.12	0.99	0.25	11.06	17.40	13.42	81.12
15	biomass	1uM IAA	24	5	0.025	188.64	55.41	53.18	4.21	23.44	1186.59	70.67	4156.19	630.78
16	biomass	10uM NPA	1	1	0.029	28.85	95.69	30.24	0.27	2.54	53.71	0.00	42.20	141.56
17	biomass	10uM NPA	1	2	0.020	25.67	101.83	15.58	3.72	36.03	71.86	0.00	519.75	60.75
18	biomass	10uM NPA	1	3	0.020	84.37	50.61	38.57	0.27	1.17	24.59	0.00	13.42	179.64
19	biomass	10uM NPA	1	4	0.010	53.94	4.57	167.51	0.87	2.59	36.76	0.00	13.89	423.16
20	biomass	10uM NPA	1	5	0.015	27.15	105.23	178.84	0.22	3.51	34.91	0.00	22.22	219.95
21	biomass	10uM NPA	6	1	0.039	135.80	30.01	69.13	0.52	0.46	40.15	0.00	7.10	341.39
22	biomass	10uM NPA	6	2	0.038	28.61	26.92	20.34	0.77	1.71	17.13	0.00	5.86	58.28
23	biomass	10uM NPA	6	3	0.032	193.03	14.99	40.03	0.31	0.19	6.60	0.00	1.38	136.05
24	biomass	10uM NPA	6	4	0.025	37.85	46.43	85.59	0.30	1.18	37.32	0.00	4.61	326.62
25	biomass	10uM NPA	6	5	0.025	30.79	2.66	17.20	1.49	2.43	67.84	0.00	43.29	91.56
26	biomass	10uM NPA	24	1	0.041	5.79	11.55	12.91	0.78	1.20	4.12	0.00	13.02	113.90
27	biomass	10uM NPA	24	2	0.034	5.56	16.15	15.65	0.95	4.47	6.85	0.00	4.32	57.83
28	biomass	10uM NPA	24	3	0.025	12.08	51.74	36.49	1.02	4.28	12.50	0.00	35.58	225.59
29	biomass	10uM NPA	24	4	0.035	3.66	7.00	29.41	0.18	1.45	8.32	0.00	33.64	256.37
30	biomass	10uM NPA	24	5	0.031	4.48	22.75	28.92	1.68	1.11	8.89	0.00	9.42	104.77
31	biomass	DMSO	1	1	0.038	15.75	8.46	5.31	0.22	0.69	16.10	0.00	4.62	28.54
32	biomass	DMSO	1	2	0.023	130.11	2.03	23.98	0.46	3.11	144.05	23.55	10.79	110.33
33	biomass	DMSO	1	3	0.020	32.21	44.22	64.95	0.25	1.82	11.62	0.00	10.63	274.30
34	biomass	DMSO	1	4	0.015	10.01	11.30	187.57	0.38	0.52	9.57	0.00	8.24	447.06
35	biomass	DMSO	1	5	0.015	1428.79	92.21	51.50	0.71	0.71	263.38	104.74	4.32	129.24
36	biomass	DMSO	6	1	0.042	129.94	16.60	16.82	0.82	0.26	17.13	0.00	1.66	120.73
37	biomass	DMSO	6	2	0.025	68.16	49.72	12.48	0.73	0.61	7.77	0.00	3.48	109.43
38	biomass	DMSO	6	3	0.025	253.07	57.95	43.62	1.08	0.89	64.95	0.00	2.98	227.76
39	biomass	DMSO	6	4	0.021	44.96	92.92	17.36	0.58	1.10	75.07	0.00	28.69	51.91
40	biomass	DMSO	6	5	0.030	7.91	4.47	121.06	0.29	1.88	24.69	0.00	33.36	732.90
41	biomass	DMSO	24	1	0.030	4.11	7.91	48.85	0.26	0.76	3.85	0.00	2.46	215.30
42	biomass	DMSO	24	2	0.016	41.97	29.80	84.72	0.81	0.78	12.34	0.00	5.59	285.08
43	biomass	DMSO	24	3	0.020	70.33	2.83	22.07	0.35	0.36	11.91	0.00	1.64	59.71
44	biomass	DMSO	24	4	0.031	7.96	2.98	21.12	0.32	2.46	39.34	0.00	12.60	41.29
45	biomass	DMSO	24	5	0.018	58.40	31.91	97.94	0.42	0.54	10.16	0.00	4.53	198.67
46	medium	1uM IAA	1	1	40	331.53	0.00	3.52	0.00	0.00	150.48	46.34	0.00	2.99
47	medium	1uM IAA	1	2	40	3540.95	0.00	7.10	0.00	0.00	77.49	92.91	0.00	7.52
48	medium	1uM IAA	1	3	40	349.78	0.01	4.62	0.00	0.00	235.70	40.16	0.00	2.35
49	medium	1uM IAA	1	4	40	438.37	0.00	2.74	0.00	0.00	68.05	39.82	0.00	3.34
50	medium	1uM IAA	1	5	40	1088.31	0.00	9.70	0.00	0.00	214.94	107.75	0.00	6.68
51	medium	1uM IAA	6	1	40	0.69	0.00	0.40	0.00	0.00	1.06	0.00	0.00	0.07
52	medium	1uM IAA	6	2	40	0.30	0.00	0.26	0.00	0.00	0.76	0.00	0.00	0.18
53	medium	1uM IAA	6	3	40	907.47	0.00	3.16	0.00	0.00	34.98	33.85	0.00	3.04
54	medium	1uM IAA	6	4	40	0.20	0.00	0.39	0.00	0.00	1.26	0.00	0.00	0.09
55	medium	1uM IAA	6	5	40	0.32	0.02	0.29	0.00	0.00	1.83	0.00	0.00	0.12
56	medium	1uM IAA	24	1	40	0.57	0.00	0.04	0.00	0.00	0.74	0.00	0.00	0.06
57	medium	1uM IAA	24	2	40	0.54	0.00	0.08	0.00	0.00	0.41	0.00	0.00	0.02
58	medium	1uM IAA	24	3	40	0.61	0.00	0.04	0.00	0.00	1.23	0.00	0.00	0.17
59	medium	1uM IAA	24	4	40	0.69	0.00	0.28	0.00	0.00	0.30	0.00	0.00	0.47
60	medium	1uM IAA	24	5	40	221.14	0.00	1.36	0.00	0.00	29.54	15.65	0.00	1.85
61	medium	10uM NPA	1	1	40	0.41	0.00	0.04	0.00	0.00	0.02	0.00	0.00	0.12
62	medium	10uM NPA	1	2	40	0.16	0.00	0.04	0.00	0.00	0.01	0.00	0.00	0.06
63	medium	10uM NPA	1	3	40	1.32	0.00	0.04	0.00	0.00	0.02	0.00	0.00	0.07
64	medium	10uM NPA	1	4	40	0.12	0.01	0.03	0.00	0.00	0.02	0.00	0.00	0.03
65	medium	10uM NPA	1	5	40	0.46	0.00	0.06	0.00	0.00	0.05	0.00	0.00	0.08
66	medium	10uM NPA	6	1	40	1.17	0.00	0.05	0.00	0.00	0.06	0.00	0.00	0.04
67	medium	10uM NPA	6	2	40	0.54	0.01	0.09	0.00	0.00	0.02	0.00	0.00	0.11
68	medium	10uM NPA	6	3	40	1.43	0.00	0.12	0.00	0.00	0.06	0.00	0.00	0.06
69	medium	10uM NPA	6	4	40	0.97	0.00	0.09	0.00	0.00	0.01	0.00	0.00	0.12
70	medium	10uM NPA	6	5	40	1.28	0.02	0.04	0.00	0.00	0.02	0.00	0.00	0.05
71	medium	10uM NPA	24	1	40	6.83	0.02	0.03	0.00	0.00	0.02	0.00	0.00	0.04
72	medium	10uM NPA	24	2	40	1.30	0.02	0.11	0.00	0.00	0.06	0.00	0.00	0.34
73	medium	10uM NPA	24	3	40	3.65	0.00	0.09	0.00	0.00	0.01	0.00	0.00	0.07
74	medium	10uM NPA	24	4	40	1.33	0.00	0.04	0.00	0.00	0.01	0.00	0.00	0.08
75	medium	10uM NPA	24	5	40	1.81	0.01	0.05	0.00	0.00	0.01	0.00	0.00	0.06
76	medium	DMSO	1	1	40	1.36	0.00	0.06	0.00	0.00	0.01	0.00	0.00	0.07
77	medium	DMSO	1	2	40	0.39	0.00	0.19	0.00	0.00	0.03	0.00	0.00	0.04
78	medium	DMSO	1	3	40	1.42	0.00	0.07	0.00	0.00	0.01	0.00	0.00	0.06
79	medium	DMSO	1	4	40	0.61	0.00	0.04	0.00	0.00	0.01	0.00	0.00	0.08
80	medium	DMSO	1	5	40	0.50	0.00	0.07	0.00	0.00	0.02	0.00	0.00	0.11
81	medium	DMSO	6	1	40	0.43	0.02	0.40	0.00	0.00	0.06	0.00	0.00	0.15
82	medium	DMSO	6	2	40	0.23	0.00	0.07	0.00	0.00	0.02	0.00	0.00	0.04
83	medium	DMSO	6	3	40	1.11	0.00	0.13	0.00	0.00	0.02	0.00	0.00	0.05
84	medium	DMSO	6	4	40	0.78	0.00	0.08	0.00	0.00	0.01	0.00	0.00	0.15
85	medium	DMSO	6	5	40	1.32	0.00	0.05	0.00	0.00	0.01	0.00	0.00	0.19
86	medium	DMSO	24	1	40	1.18	0.00	0.04	0.00	0.00	0.01	0.00	0.00	0.06
87	medium	DMSO	24	2	40	1.92	0.00	0.04	0.00	0.00	0.00	0.00	0.00	0.02
88	medium	DMSO	24	3	40	0.64	0.00	0.28	0.00	0.00	0.00	0.00	0.00	0.08
89	medium	DMSO	24	4	40	1.78	0.00	0.04	0.00	0.00	0.01	0.00	0.00	0.08
90	medium	DMSO	24	5	40	3.47	0.00	0.10	0.00	0.00	0.01	0.00	0.00	0.05

